    664159    550946
    665845    557965
    597173    575538
    618600    551446
    635690    608046
    588100    557588
    582015    546191
    604678    574577
    572029    518313
    604737    574591
    577728    587566
    602013    574722
    627968    574625
    607269    536961
    603145    574795
    671919    571761
    612184    570393
    600032    575310
    627912    593892
    601967    604428
    591851    569051
    601444    572693
    629718    558104
    661430    603567
    597551    556737
    601182    582584
    562704    570596
    605107    563429
    607214    575069
    568824    570203
    612485    518009
    589244    573777
    625579    551084
    560237    500154
    626224    569687
    610666    551701
    597428    569940
    600582    599535
    604168    555003
    613871    550423
    617310    551945
    625728    579460
    606300    566708
    638559    558807
    582176    630383
    544056    577786
    631297    578351
    561574    621747
    604973    574773
    605284    556134
    617910    592293
    555904    640401
    526559    509417
    603849    572396
    598634    619900
    603359    589262
    657455    567754
    614279    599251
    578496    631434
    645171    595209
    688015    533535
    656477    573007
    540029    563888
    597418    538362
    613545    574733
    628696    542447
    604157    574191
    603126    497987
    605850    533310
    596179    529556
    610330    552628
    598184    531473
    620438    511694
    600202    622079
    603021    577991
    515612    540643
    606548    574376
    593490    623110
    607084    595500
    583728    563146
    616044    533807
    624452    584622
    604438    574666
    625709    660145
    601376    579831
    565148    557305
    639418    537903
    612799    537497
    583653    652182
    599808    596484
    605250    573272
    606738    601356
    611044    571814
    575440    568511
    616329    529516
    605927    572533
    609286    586782
    647354    579190
    606929    571420
    562920    559223
    680357    620811
    707100    601463
    604294    574368
    614917    600946
    611508    503220
    603789    574474
    551740    588768
    546031    570429
    569197    559307
    688712    568754
    604067    574091
    606809    572101
    588597    622592
    613840    534167
    576263    547239
    597077    568196
    601339    571609
    606011    569426
    593398    559764
    593166    622725
    609796    532982
    712648    607541
    585048    505097
    525967    565687
    660327    585901
    607604    573951
    604001    573587
    591484    571087
    613868    585089
    645464    660478
    538571    654649
    555429    604551
    597620    586226
    586097    567445
    545235    539822
    649088    575733
    599123    616977
    563763    559454
    617717    613939
    618869    577243
    567188    560044
    636628    533309
    560362    567914
    595014    632844
    605876    550640
    604352    573425
    600679    599545
    596891    579476
    614943    540976
    604415    571400
    603698    573585
    658199    568743
    598759    582942
    671269    590258
    593317    534085
    657985    453405
    608557    590278
    623004    508050
    601900    569391
    641031    593074
    589658    640498
    567565    573952
    559078    570088
    639431    588155
    566609    537592
    568570    579335
    660650    615038
    667639    571164
    596796    529933
    606111    617846
    616060    590779
    602873    527864
    571334    594145
    602167    543919
    605100    573307
    546640    560043
    585195    555011
    651740    589474
    589112    536573
    582057    543124
    690968    555952
    609030    552436
    632125    541413
    603445    630598
    628264    616214
    577242    574073
    604090    574392
    607911    576556
    600665    638890
    600117    539079
    631182    565466
    695646    652231
    619445    567491
    613191    571942
    567428    580005
    590583    623314
    606289    670243
    585175    574133
    634967    579020
    614615    574437
    593061    579188
    606933    576409
    606587    573873
    594084    629464
    683697    581516
    601530    577183
    603055    589818
    616561    619007
    607463    477085
    611581    572630
    579712    568354
    602887    595245
    600039    557139
    605913    579526
    579773    568698
    606324    544357
    605958    573728
    606144    575076
    667472    570571
    580048    565009
    597802    576113
    610263    574422
    603855    575180
    624369    532153
    599870    591110
    577167    617095
    658403    611332
    563460    480559
    610980    522819
    569422    567790
    627727    578737
    592804    584539
    540783    626497
    591823    639096
    637323    549567
    638078    629421
    611315    560757
    647103    573853
    522993    595581
    601187    531825
    533799    564377
    649034    528813
    620975    564344
    622407    583192
    597026    642918
    551291    576721
    608768    610525
    697959    614701
    658281    582264
    546632    599204
    672565    564468
    636500    587401
    696144    548705
    533551    582247
    526802    551524
    553038    606418
    696601    603624
    588964    597435
    716139    621721
    608529    586311
    557378    567033
    589994    610890
    589344    563119
    624415    515911
    565483    551512
    584895    574666
    582777    542670
    639394    576728
    608298    573748
    663578    586265
    628080    562986
    597421    554767
    595193    576508
    658103    572250
    659529    498474
    606415    581386
    641976    577433
    587466    564953
    589180    595099
    601885    573083
    580561    528916
    621726    578003
    558817    576255
    620213    574468
    594010    570095
    541976    512639
    593840    578685
    602667    575857
    631446    561156
    596481    567449
    611318    581584
    568546    564911
    593865    572987
    597017    575588
    578804    573582
    673750    594081
    592714    553958
    594029    586701
    668502    563937
    629533    537542
    801539    318482
    801667    318542
    275459    190178
    244344    185382
    252845    181181
    357923    192120
    382720    263255
    326040    156509
    165104    543395
    139903    592241
    132705    557674
    114311    601605
    102460    533057
    185935    554627
    123441    594415
     97216    564094
    110948    539533
    101553    517715
    133023    574572
    144570    573936
    136531    557658
    173576    507309
    179189    536028
    141238    557986
    156430    615117
     69169    631490
     31842    565765
    144620    575370
    155899    561715
    137451    555339
     68388    574380
    166290    521714
    210499    526471
    148319    584541
    135336    552552
    136606    562296
    136301    569544
    119386    620549
    139212    557713
     84501    604671
    176602    574552
    105945    528795
    140989    537156
    138449    555969
    128669    574591
     95749    602775
    139460    557260
    130440    562623
    147885    527813
     58190    608304
    151701    574146
    148385    538149
    142668    544976
    145251    553486
    142265    546135
    202913    525966
    192564    547558
    179240    577011
    182840    584262
    144242    557674
    135849    550612
    101427    615890
    143265    548387
    112379    547679
    137347    622867
    139146    569516
    125756    579609
     77109    512651
    138073    556272
    202547    601240
     19835    570290
    118137    579149
    201324    574588
    113259    568684
    139052    610320
    177246    571940
    107972    601191
    138199    541774
    220156    589643
    137787    566189
    138122    557230
     93136    613387
    154620    576738
    131523    568207
    136967    565662
    142886    556511
    125005    540340
    138965    558201
    139474    569485
    171471    576787
    157138    565993
    198294    552987
    136078    547418
    140164    531093
    156003    502860
     67867    545392
    133780    533275
    116142    550919
    148510    579793
    179224    584189
    149906    546909
     29760    557873
    115287    602637
    206561    574789
    108651    521409
    115905    560139
    127373    549518
    141699    530028
    141641    557376
    111855    531542
    136580    553967
    137516    556818
    179793    483378
    105568    584102
    125840    520239
    117212    565692
    140717    554093
    139033    593287
    172882    571145
    104862    608089
    158366    537970
    138525    534268
     69565    599820
     94571    528963
    153185    562792
    147599    513563
    223226    546198
    143879    536650
    151099    518008
    109317    531425
    127202    525948
    137740    618961
    138734    557713
    109912    565003
    158060    525533
    260096    530550
    134449    557556
    121650    599844
    188992    563992
    207218    589497
    179830    547383
    152331    529689
    112184    530469
    166904    503121
    183026    545377
    152658    569277
    172116    513383
     95899    530846
    144325    538991
    166597    572855
    105193    596017
    166840    562425
    117089    561455
    141718    549576
    117959    536156
    125351    529954
    140706    547367
    138012    558263
    135284    555664
    142663    556520
    112673    516997
    137657    611252
    119237    591137
    186380    487625
    113099    546732
    176278    550602
    158773    588778
    140962    518168
    144856    551807
    155943    576199
    152584    564548
    165356    570715
    127858    609681
    257984    555707
    149758    564768
    129550    560106
    159271    568953
    151374    538387
    129030    588495
    155430    549012
    172756    612694
     93459    514032
     99569    523174
    148080    544056
    169322    577938
    173847    514665
    136418    562926
    140047    540043
     74519    527539
    146681    562995
    110877    562558
     95071    503965
    136232    576477
    146120    576624
    259173    548593
    107965    535173
    103153    601002
    158283    570550
    206219    604081
    116492    509399
     97430    598804
    193275    538687
    116860    550810
    179834    541387
    143226    522375
    111174    539350
     94933    588147
    139434    557410
    131532    536658
     38179    532155
    113321    606322
    123905    508486
    201753    569116
    206660    575002
    138884    529162
    139636    565984
    110479    594587
     76253    529394
    160280    493497
    161475    587507
    149054    556986
    223408    520131
    158596    562634
    141991    539522
    137172    523482
    161154    538355
    130157    581286
    142000    554964
     86243    559135
    130883    557824
    127964    538935
    122130    568886
    210597    589836
    139847    552015
    147664    559632
    167716    562762
    130657    555545
    165382    518876
    221994    575146
     87236    607429
    154268    542573
    197367    535989
    133094    557996
    155274    552551
    139911    561185
    146924    565933
    146183    622188
    176092    531921
    184402    546549
    139641    557503
    170816    547069
    156474    570384
    146678    558942
    136569    532130
    162124    500069
    127503    623654
    182854    534283
    141222    572556
    177665    557923
    201907    516078
    130249    579307
    166560    559687
    138220    560056
    134725    537440
    127940    590467
    143592    606949
     64979    538104
     94061    576129
     79285    554817
    103192    550021
    198823    538624
    145758    562414
    211584    591058
    139451    549580
    220224    592068
    150404    539885
    142767    538646
    143912    595772
    184412    537050
     55359    623076
    137197    556522
    138461    558771
     80673    566893
    203667    577260
     94249    600812
    145244    561042
     94458    533883
    130201    562734
     98675    580608
    134422    544300
    141771    551655
    141924    558399
    137316    562151
    143363    551365
    197849    575524
    134261    519275
    129997    568115
    170494    560892
    164453    544085
    128788    546091
     88703    577217
    131109    568012
     95074    570002
    232047    522748
    125548    552424
    142563    560090
    118391    553625
    132497    593125
    162713    586568
    122296    566921
     56907    586609
     48143    523870
    104489    542515
    130582    565948
    180633    570302
    241485    523039
    178005    594957
    211266    534538
    137680    555667
    144401    565666
    101722    535117
    115781    594942
    107160    530936
    139978    587153
    179931    536588
    105353    589239
    119496    543146
    142575    517378
     76661    531044
    137699    556769
    154964    554923
    142516    559062
     98525    579761
    163925    576666
    153326    558408
    262846    559590
    102898    592834
    138349    554238
    193502    557364
    202175    495076
    154162    536416
     77875    516899
    163477    561507
    131874    552586
    120357    560737
    119535    551857
    114108    540537
    136059    558213
    121786    564225
    233105    591646
    149760    577278
    139237    548782
     34795    606311
    147663    555514
    108512    525986
    509279    180548
    495165    163113
    474652    193224
    507786    199578
    566666    195255
    506012    178372
    541435    206637
    507311    177795
    461701    188438
    506069    169723
    477155    161019
    505044    180646
    467697    168082
    511868    170991
    500225    177559
    460616    174810
    573755    218049
    543616    144788
    509804    175714
    542311    161882
    475944    189337
    517750    199025
    520952    169184
    559076    190770
    416763     96639
    549384    208450
    549147    171454
    520880    200955
    484348    202813
    487472    166999
    504728    174541
    465734    114090
    570266    188032
    505584    176135
    514739    189624
    500589    181466
    504096    192493
    553118    165472
    502511    205121
    551798    221411
    502737    174437
    513181    177419
    513010    141058
    535564    177248
    514551    176526
    450030    169537
    521152    152439
    505512    203857
    509928    184873
    490271    216725
    529931    180136
    508228    220433
    534461    178056
    508551    174306
    545365    210090
    510414    142485
    507895    177445
    506288    177990
    512560    224816
    454160    102568
    437116    148591
    519003    160741
    509173    178051
    507674    147431
    513562    229098
    473361    185066
    517580    170329
    509285    174620
    510496    174308
    438860    114065
    534702    244239
    504755    150226
    474135    199330
    508907    173787
    509651    149290
    490956    124550
    499637    194036
    515856    148316
    482568    159010
    522728    184704
    493070    189771
    483807    198925
    469656    153741
    470041    102049
    576965    187481
    515230    149567
    469470    189347
    484678    123623
    509554    186931
    480787    147737
    523036    123677
    508144    167733
    515450    173220
    489378    172861
    497406    125809
    514173    139330
    520809    176718
    499009    205823
    509773    148899
    505117    141877
    494698    176711
    501334    163002
    502500    176532
    546565    151576
    520878    209094
    486891    175164
    512241    169240
    569692    182365
    491382    122267
    457033    127590
    535453    200970
    436641     55171
    520845    176291
    496130    178113
    507473    227670
    507092    175151
    493714    173387
    528826    154067
    509951    176794
    505400    160422
    473316    162622
    489504    146224
    516888    152451
    505128    175022
    520819    181586
    506812    167031
    495032    203929
    508789    174256
    502302    210265
    511106    122518
    486997    164803
    535787    199735
    540364    163758
    496006    191010
    497454    172375
    488330    173837
    547076    156969
    509956    141698
    516084    178725
    535034    172649
    529858    213114
    496384    166644
    519201    139101
    575022    213534
    469404    181944
    464672    193513
    491609    180519
    470314    178936
    481067    172555
    508797    176269
    491145    206344
    485361    169229
    474527    107596
    499643    171625
    514722    190943
    474641     81263
    495995    160032
    516963    174184
    521006    163218
    434581    123267
    514876    182995
    501416    172980
    513991    165072
    512900    219252
    510739    121103
    509522    174376
    507862    172954
    512716    181316
    483423    111797
    505603    147517
    482628    171320
    541790    172616
    473649    178184
    520763    250478
    494000    189403
    533931    173291
    485110    150541
    528679    199079
    545699    174099
    517495    186329
    520461    173217
    456821    105575
    495388    156422
    514934    219169
    508989    168995
    500474    169746
    504511    149234
    467144    147308
    512733    174091
    452791    156805
    488800    197919
    593887    210595
    561725    168220
    528011    201615
    514428    222503
    512051    145220
    472054    129986
    507959    166780
    518068    137556
    561110    219865
    563315    215613
    523779    163905
    490037    164357
    519421    154681
    504373    165819
    513957    139202
    486422    178919
    533351    147778
    511030    221292
    496069    102201
    496491    171534
    497254    171940
    518892    165875
    481083    151953
    507741    178883
    486224    196184
    509039    173839
    462658     75167
    519680    208378
    499676    196897
    480876    160465
    521032    177084
    486034    196122
    505225    158750
    485968    123023
    478442    125560
    502355    164119
    502915    183059
    497211    174121
    537174    194410
    505293    194591
    491442    116195
    473202    140745
    505079    219082
    541455    223176
    528938    174372
    528094    178343
    520759    184923
    538994    179328
    507832    181513
    493897    189627
    514408    173338
    514391    156592
    513362    223841
    443618    157237
    477746    163845
    480571    204150
    486326    174643
    505384    174535
    541220    177840
    522869    176818
    497255    188783
    545240    221008
    512291    169608
    576158    210283
    508099    175066
    545455    182232
    537836    177165
    508597    173640
    507445    193647
    524397    239456
    527753    213985
    528766    239937
    481356    162127
    541498    192746
    506142    170513
    494574    198972
    477901    173288
    509223    177592
    532010    176195
    541006    175198
    490355    153464
    566524    179796
    550216    184337
    516085    195504
    523796    219588
    511118    175212
    445043    152257
    497582    190801
    514622    206979
    479631    178459
    496476    140337
    498389    178069
    506361    225237
    519396    177174
    529409    157228
    501111    157402
    514219    167014
    558307    203307
    545957    196749
    508080    175697
    589900    217899
    509383    167302
    474516    189144
    498730    183037
    473093    188791
    471328    176297
    510901    175806
    559809    162597
    499272    168413
    514981    172608
    511289    183247
    455460    153040
    519962    175210
    532549    172894
    516128    178722
    519113    194925
    502877    192740
    520782    134308
    574369    207483
    515494    188459
    486870    146947
    484395    107291
    504243    237336
    483776    213021
    536623    213083
    544539    180391
    502002    166223
    500801    185558
    525670    184762
    481841    209337
    494317    170837
    521153    242968
    473933    191767
    524502    248106
    487952    168607
    460133    173081
    453261    148432
    491792    214464
    497815    165151
    515348    184750
    598908    254032
    558478    213316
    538228    168834
    464634    173867
    518675    175686
    533566    214619
    540196    180312
    500360    213540
    517882    175467
    549642    157506
    511368    173673
    506815    173387
    500192    192292
    533775    163036
    511484    160453
    489062    200329
    537514    179689
    551867    170425
    406184    394506
    417996    408162
    428667    451233
    425386    379634
    388202    405780
    370955    325071
    353749    391896
    398629    401626
    393402    401018
    465599    383470
    400257    404936
    444610    400247
    392046    391220
    410506    395586
    508805    429073
    424782    449687
    384467    407359
    397399    403186
    449683    388863
    387756    435588
    451753    383440
    414448    429790
    394599    409068
    387330    409037
    402109    430185
    393825    453067
    412111    418466
    397213    377839
    361159    436327
    383075    447616
    383832    340506
    402227    414685
    411957    397796
    377408    395123
    417231    381303
    442915    420573
    415394    396940
    420792    430901
    397791    444527
    385804    393101
    384572    388523
    402069    434868
    414997    432597
    392919    405103
    396150    430329
    439145    407748
    401240    354085
    424228    442208
    336023    416862
    351352    362910
    413549    408517
    341775    425156
    424811    413300
    402677    412615
    419118    421655
    354601    358760
    410682    349328
    399020    404042
    392258    405478
    353941    399967
    411471    446824
    397158    370362
    431117    394746
    395246    392783
    400468    405703
    354094    424230
    352429    359750
    358830    431609
    387039    365758
    395013    387179
    400545    404212
    435067    403802
    394436    450912
    376444    371957
    433463    410297
    426625    475977
    424241    452915
    396520    405610
    347638    429109
    374797    407601
    451670    388347
    373684    418326
    412615    403902
    392428    402295
    389868    410718
    383022    409854
    468350    395883
    373339    398565
    383878    376230
    434815    388041
    368864    411216
    321050    422497
    276794    384458
    383197    409869
    381340    409680
    415521    368125
    404288    349685
    367922    415238
    422056    382193
    407334    445969
    373917    427628
    422261    374345
    392728    411341
    336585    420977
    401730    354294
    401854    402867
    401330    395538
    393903    387227
    399188    402459
    389510    370897
    399858    403574
    343651    438750
    388743    388465
    398246    406245
    400727    396769
    399077    403968
    402071    427626
    405902    394724
    383992    398245
    372230    412488
    418086    394699
    400305    466024
    380458    329635
    338347    337961
    411171    426853
    392447    408539
    375233    399429
    385338    440797
    397764    406712
    414290    393146
    394846    407130
    402252    414628
    332913    385678
    396517    394572
    388479    343648
    405569    411933
    444816    409502
    393659    439272
    415222    434798
    396621    381952
    416893    347737
    398980    407667
    404273    429948
    397851    400846
    447192    359893
    350428    392503
    451853    420873
    402566    415798
    362753    369848
    407188    396576
    380139    434251
    409167    449719
    405470    392374
    359036    365793
    398617    402424
    408714    391412
    382222    441817
    403751    385539
    400548    402390
    393828    404314
    373943    376926
    390182    360941
    391776    409868
    342501    336320
    401923    417123
    342400    426090
    405325    407466
    369480    377148
    416110    374296
    684091    842566